50.797	156.42	0.0012099
50.366	159.31	0.0012435
50.003	162.29	0.0012722
49.713	165.33	0.0012953
49.502	168.43	0.0013123
49.373	171.57	0.0013226
49.329	174.73	0.0013262
49.372	177.88	0.0013227
49.499	-178.98	0.0013125
49.709	-175.88	0.0012956
49.998	-172.84	0.0012726
50.361	-169.86	0.0012439
50.791	-166.97	0.0012104
51.28	-164.17	0.0011726
51.823	-161.47	0.0011313
52.411	-158.88	0.0010875
52.645	156.42	0.0013058
52.22	159.31	0.0013441
51.862	162.29	0.0013768
51.576	165.33	0.0014032
51.367	168.43	0.0014226
51.24	171.57	0.0014345
51.197	174.73	0.0014385
51.239	177.88	0.0014346
51.365	-178.98	0.0014228
51.572	-175.88	0.0014035
51.857	-172.84	0.0013772
52.215	-169.86	0.0013446
52.638	-166.97	0.0013064
53.12	-164.17	0.0012636
53.654	-161.47	0.0012169
54.231	-158.88	0.0011675
54.588	156.42	0.0014075
54.172	159.31	0.0014509
53.821	162.29	0.0014881
53.54	165.33	0.0015182
53.335	168.43	0.0015403
53.21	171.57	0.0015539
53.168	174.73	0.0015585
53.209	177.88	0.001554
53.333	-178.98	0.0015406
53.537	-175.88	0.0015186
53.816	-172.84	0.0014886
54.167	-169.86	0.0014515
54.581	-166.97	0.0014082
55.053	-164.17	0.0013597
55.575	-161.47	0.0013071
56.138	-158.88	0.0012514
56.629	156.42	0.0015144
56.225	159.31	0.0015635
55.883	162.29	0.0016057
55.609	165.33	0.0016398
55.409	168.43	0.001665
55.287	171.57	0.0016804
55.246	174.73	0.0016857
55.286	177.88	0.0016806
55.407	-178.98	0.0016653
55.606	-175.88	0.0016402
55.878	-172.84	0.0016062
56.22	-169.86	0.0015641
56.623	-166.97	0.0015151
57.082	-164.17	0.0014604
57.588	-161.47	0.0014013
58.135	-158.88	0.0013389
58.771	156.42	0.0016257
58.381	159.31	0.001681
58.05	162.29	0.0017287
57.785	165.33	0.0017673
57.592	168.43	0.0017959
57.474	171.57	0.0018134
57.434	174.73	0.0018193
57.473	177.88	0.0018135
57.59	-178.98	0.0017962
57.782	-175.88	0.0017678
58.046	-172.84	0.0017293
58.376	-169.86	0.0016817
58.766	-166.97	0.0016265
59.208	-164.17	0.001565
59.696	-161.47	0.0014987
60.221	-158.88	0.0014291
61.015	156.42	0.0017403
60.642	159.31	0.0018024
60.325	162.29	0.001856
60.071	165.33	0.0018995
59.886	168.43	0.0019317
59.772	171.57	0.0019515
59.734	174.73	0.0019582
59.771	177.88	0.0019517
59.883	-178.98	0.0019321
60.068	-175.88	0.0019
60.321	-172.84	0.0018566
60.637	-169.86	0.0018032
61.01	-166.97	0.0017412
61.432	-164.17	0.0016724
61.898	-161.47	0.0015985
62.399	-158.88	0.0015211
63.361	156.42	0.0018568
63.007	159.31	0.001926
62.707	162.29	0.001986
62.467	165.33	0.0020348
62.291	168.43	0.0020709
62.184	171.57	0.0020931
62.147	174.73	0.0021007
62.183	177.88	0.0020933
62.289	-178.98	0.0020713
62.464	-175.88	0.0020354
62.704	-172.84	0.0019867
63.003	-169.86	0.0019269
63.355	-166.97	0.0018578
63.755	-164.17	0.0017813
64.194	-161.47	0.0016993
64.666	-158.88	0.0016138
65.807	156.42	0.0019733
65.477	159.31	0.00205
65.197	162.29	0.0021166
64.972	165.33	0.0021709
64.807	168.43	0.0022112
64.707	171.57	0.002236
64.673	174.73	0.0022445
64.706	177.88	0.0022363
64.805	-178.98	0.0022117
64.969	-175.88	0.0021716
65.193	-172.84	0.0021175
65.473	-169.86	0.0020511
65.802	-166.97	0.0019745
66.174	-164.17	0.0018899
66.583	-161.47	0.0017996
67.022	-158.88	0.0017056
68.35	156.42	0.0020877
68.047	159.31	0.002172
67.79	162.29	0.0022454
67.583	165.33	0.0023054
67.432	168.43	0.00235
67.339	171.57	0.0023774
67.308	174.73	0.0023868
67.339	177.88	0.0023777
67.43	-178.98	0.0023505
67.581	-175.88	0.0023061
67.787	-172.84	0.0022463
68.043	-169.86	0.0021731
68.345	-166.97	0.0020889
68.687	-164.17	0.0019961
69.062	-161.47	0.0018973
69.463	-158.88	0.0017948
70.986	156.42	0.0021972
70.714	159.31	0.0022892
70.483	162.29	0.0023694
70.297	165.33	0.0024351
70.16	168.43	0.0024839
70.077	171.57	0.002514
70.049	174.73	0.0025243
70.076	177.88	0.0025143
70.159	-178.98	0.0024845
70.294	-175.88	0.0024359
70.48	-172.84	0.0023704
70.711	-169.86	0.0022904
70.982	-166.97	0.0021986
71.289	-164.17	0.0020977
71.625	-161.47	0.0019905
71.984	-158.88	0.0018797
73.709	156.42	0.0022992
73.471	159.31	0.0023986
73.268	162.29	0.0024853
73.105	165.33	0.0025565
72.986	168.43	0.0026094
72.913	171.57	0.0026422
72.888	174.73	0.0026533
72.912	177.88	0.0026425
72.984	-178.98	0.00261
73.103	-175.88	0.0025573
73.266	-172.84	0.0024864
73.468	-169.86	0.0023999
73.705	-166.97	0.0023007
73.973	-164.17	0.002192
74.266	-161.47	0.0020768
74.58	-158.88	0.001958
76.509	156.42	0.0023907
76.308	159.31	0.0024968
76.137	162.29	0.0025896
76	165.33	0.0026658
75.899	168.43	0.0027227
75.837	171.57	0.0027578
75.817	174.73	0.0027698
75.837	177.88	0.0027581
75.898	-178.98	0.0027233
75.998	-175.88	0.0026668
76.135	-172.84	0.0025907
76.306	-169.86	0.0024982
76.506	-166.97	0.0023922
76.731	-164.17	0.0022763
76.978	-161.47	0.0021538
77.242	-158.88	0.0020277
79.376	156.42	0.0024686
79.216	159.31	0.0025806
79.079	162.29	0.0026787
78.969	165.33	0.0027595
78.889	168.43	0.0028197
78.839	171.57	0.002857
78.823	174.73	0.0028697
78.839	177.88	0.0028573
78.888	-178.98	0.0028204
78.968	-175.88	0.0027604
79.078	-172.84	0.00268
79.214	-169.86	0.0025821
79.374	-166.97	0.0024702
79.554	-164.17	0.0023481
79.751	-161.47	0.0022192
79.961	-158.88	0.0020868
82.298	156.42	0.0025303
82.181	159.31	0.0026471
82.081	162.29	0.0027495
82	165.33	0.0028339
81.941	168.43	0.0028968
81.905	171.57	0.0029358
81.892	174.73	0.0029492
81.904	177.88	0.0029362
81.94	-178.98	0.0028976
81.999	-175.88	0.0028349
82.08	-172.84	0.0027508
82.18	-169.86	0.0026486
82.297	-166.97	0.002532
82.429	-164.17	0.0024048
82.573	-161.47	0.0022708
82.727	-158.88	0.0021333
85.262	156.42	0.0025735
85.189	159.31	0.0026936
85.127	162.29	0.0027991
85.076	165.33	0.002886
85.04	168.43	0.002951
85.017	171.57	0.0029912
85.01	174.73	0.0030049
85.017	177.88	0.0029916
85.039	-178.98	0.0029517
85.076	-175.88	0.0028871
85.126	-172.84	0.0028005
85.188	-169.86	0.0026952
85.26	-166.97	0.0025752
85.342	-164.17	0.0024445
85.432	-161.47	0.0023068
85.527	-158.88	0.0021657
88.25	156.42	0.0025964
88.223	159.31	0.0027184
88.2	162.29	0.0028255
88.182	165.33	0.0029138
88.168	168.43	0.0029798
88.16	171.57	0.0030207
88.157	174.73	0.0030347
88.16	177.88	0.0030211
88.168	-178.98	0.0029806
88.181	-175.88	0.0029149
88.2	-172.84	0.0028269
88.223	-169.86	0.00272
88.25	-166.97	0.0025982
88.28	-164.17	0.0024655
88.313	-161.47	0.0023259
88.349	-158.88	0.0021829

86.405	25.984	0.0022885
86.333	23.306	0.0024285
86.267	20.525	0.0025624
86.207	17.649	0.0026862
86.156	14.687	0.0027961
86.114	11.652	0.0028881
86.083	8.5593	0.0029584
86.063	5.4254	0.0030043
86.054	2.2686	0.0030236
86.058	-0.89228	0.0030156
86.073	-4.0379	0.0029805
86.1	-7.1498	0.00292
86.138	-10.21	0.0028366
86.185	-13.204	0.0027337
86.241	-16.118	0.0026151
86.305	-18.939	0.0024848
89.281	25.984	0.0023015
89.266	23.306	0.0024429
89.253	20.525	0.0025781
89.241	17.649	0.0027033
89.231	14.687	0.0028143
89.223	11.652	0.0029073
89.216	8.5593	0.0029784
89.212	5.4254	0.0030248
89.211	2.2686	0.0030444
89.211	-0.89228	0.0030362
89.214	-4.0379	0.0030008
89.22	-7.1498	0.0029396
89.227	-10.21	0.0028552
89.237	-13.204	0.0027512
89.248	-16.118	0.0026313
89.261	-18.939	0.0024998
92.16	25.984	0.0022972
92.204	23.306	0.0024381
92.244	20.525	0.0025728
92.279	17.649	0.0026976
92.31	14.687	0.0028082
92.335	11.652	0.0029008
92.354	8.5593	0.0029717
92.366	5.4254	0.0030179
92.371	2.2686	0.0030374
92.369	-0.89228	0.0030293
92.36	-4.0379	0.002994
92.344	-7.1498	0.002933
92.321	-10.21	0.002849
92.293	-13.204	0.0027453
92.259	-16.118	0.0026259
92.221	-18.939	0.0024948
95.029	25.984	0.0022756
95.13	23.306	0.0024142
95.222	20.525	0.0025468
95.305	17.649	0.0026694
95.376	14.687	0.0027781
95.434	11.652	0.002869
95.478	8.5593	0.0029386
95.506	5.4254	0.002984
95.518	2.2686	0.0030031
95.513	-0.89228	0.0029951
95.492	-4.0379	0.0029605
95.454	-7.1498	0.0029006
95.402	-10.21	0.0028181
95.336	-13.204	0.0027163
95.258	-16.118	0.0025989
95.169	-18.939	0.00247
97.873	25.984	0.0022376
98.029	23.306	0.0023723
98.172	20.525	0.002501
98.301	17.649	0.0026199
98.411	14.687	0.0027252
98.502	11.652	0.0028133
98.57	8.5593	0.0028806
98.613	5.4254	0.0029244
98.631	2.2686	0.0029429
98.624	-0.89228	0.0029352
98.591	-4.0379	0.0029017
98.533	-7.1498	0.0028438
98.451	-10.21	0.002764
98.349	-13.204	0.0026653
98.228	-16.118	0.0025516
98.09	-18.939	0.0024265
100.68	25.984	0.0021845
100.89	23.306	0.0023139
101.08	20.525	0.0024372
101.25	17.649	0.002551
101.4	14.687	0.0026517
101.52	11.652	0.0027358
101.61	8.5593	0.0028001
101.67	5.4254	0.0028419
101.69	2.2686	0.0028595
101.68	-0.89228	0.0028522
101.64	-4.0379	0.0028202
101.56	-7.1498	0.002765
101.45	-10.21	0.0026887
101.32	-13.204	0.0025945
101.15	-16.118	0.0024857
100.97	-18.939	0.0023658
103.43	25.984	0.0021183
103.69	23.306	0.002241
103.93	20.525	0.0023578
104.14	17.649	0.0024654
104.33	14.687	0.0025605
104.48	11.652	0.0026398
104.59	8.5593	0.0027003
104.66	5.4254	0.0027396
104.69	2.2686	0.0027562
104.68	-0.89228	0.0027493
104.62	-4.0379	0.0027192
104.53	-7.1498	0.0026672
104.39	-10.21	0.0025954
104.22	-13.204	0.0025065
104.02	-16.118	0.0024037
103.79	-18.939	0.0022903
106.13	25.984	0.0020409
106.43	23.306	0.0021561
106.71	20.525	0.0022656
106.96	17.649	0.0023661
107.18	14.687	0.0024548
107.36	11.652	0.0025287
107.49	8.5593	0.002585
107.57	5.4254	0.0026215
107.61	2.2686	0.0026369
107.59	-0.89228	0.0026305
107.53	-4.0379	0.0026026
107.42	-7.1498	0.0025542
107.26	-10.21	0.0024874
107.06	-13.204	0.0024045
106.82	-16.118	0.0023084
106.55	-18.939	0.0022023
108.75	25.984	0.0019548
109.1	23.306	0.0020619
109.42	20.525	0.0021633
109.7	17.649	0.0022563
109.95	14.687	0.0023382
110.15	11.652	0.0024062
110.3	8.5593	0.002458
110.39	5.4254	0.0024916
110.43	2.2686	0.0025058
110.42	-0.89228	0.0024999
110.34	-4.0379	0.0024742
110.22	-7.1498	0.0024298
110.04	-10.21	0.0023682
109.81	-13.204	0.0022917
109.54	-16.118	0.002203
109.23	-18.939	0.0021047
111.29	25.984	0.0018622
111.68	23.306	0.0019609
112.03	20.525	0.002054
112.35	17.649	0.0021392
112.62	14.687	0.0022141
112.84	11.652	0.0022761
113.01	8.5593	0.0023233
113.11	5.4254	0.0023539
113.16	2.2686	0.0023668
113.14	-0.89228	0.0023614
113.06	-4.0379	0.0023381
112.92	-7.1498	0.0022976
112.72	-10.21	0.0022414
112.47	-13.204	0.0021716
112.17	-16.118	0.0020904
111.83	-18.939	0.0020002
113.75	25.984	0.0017654
114.17	23.306	0.0018556
114.56	20.525	0.0019404
114.9	17.649	0.0020178
115.2	14.687	0.0020856
115.44	11.652	0.0021418
115.61	8.5593	0.0021844
115.73	5.4254	0.002212
115.78	2.2686	0.0022236
115.76	-0.89228	0.0022187
115.67	-4.0379	0.0021977
115.52	-7.1498	0.0021611
115.3	-10.21	0.0021104
115.03	-13.204	0.0020472
114.7	-16.118	0.0019735
114.33	-18.939	0.0018914
116.12	25.984	0.0016665
116.57	23.306	0.0017483
116.98	20.525	0.001825
117.35	17.649	0.0018948
117.66	14.687	0.0019558
117.92	11.652	0.0020062
118.11	8.5593	0.0020443
118.24	5.4254	0.002069
118.29	2.2686	0.0020794
118.27	-0.89228	0.0020751
118.17	-4.0379	0.0020563
118.01	-7.1498	0.0020235
117.78	-10.21	0.001978
117.49	-13.204	0.0019212
117.14	-16.118	0.0018548
116.74	-18.939	0.0017807
118.39	25.984	0.0015673
118.87	23.306	0.001641
119.31	20.525	0.0017099
119.7	17.649	0.0017724
120.03	14.687	0.0018269
120.3	11.652	0.0018719
120.5	8.5593	0.0019058
120.63	5.4254	0.0019278
120.68	2.2686	0.001937
120.66	-0.89228	0.0019332
120.56	-4.0379	0.0019164
120.39	-7.1498	0.0018873
120.15	-10.21	0.0018468
119.84	-13.204	0.0017961
119.47	-16.118	0.0017366
119.06	-18.939	0.0016702
120.57	25.984	0.0014692
121.07	23.306	0.0015353
121.53	20.525	0.0015969
121.94	17.649	0.0016526
122.28	14.687	0.001701
122.56	11.652	0.0017409
122.77	8.5593	0.001771
122.91	5.4254	0.0017904
122.96	2.2686	0.0017985
122.94	-0.89228	0.0017952
122.84	-4.0379	0.0017803
122.66	-7.1498	0.0017546
122.41	-10.21	0.0017186
122.09	-13.204	0.0016736
121.71	-16.118	0.0016207
121.27	-18.939	0.0015614
122.66	25.984	0.0013736
123.18	23.306	0.0014325
123.65	20.525	0.0014873
124.07	17.649	0.0015367
124.43	14.687	0.0015796
124.72	11.652	0.0016148
124.94	8.5593	0.0016413
125.08	5.4254	0.0016584
125.13	2.2686	0.0016656
125.11	-0.89228	0.0016626
125.01	-4.0379	0.0016496
124.82	-7.1498	0.0016268
124.56	-10.21	0.0015951
124.23	-13.204	0.0015553
123.83	-16.118	0.0015085
123.38	-18.939	0.0014557
124.66	25.984	0.0012812
125.19	23.306	0.0013336
125.68	20.525	0.0013822
126.11	17.649	0.0014259
126.48	14.687	0.0014637
126.77	11.652	0.0014947
126.99	8.5593	0.001518
127.14	5.4254	0.001533
127.2	2.2686	0.0015393
127.17	-0.89228	0.0015366
127.06	-4.0379	0.0015252
126.87	-7.1498	0.0015053
126.61	-10.21	0.0014774
126.27	-13.204	0.0014423
125.86	-16.118	0.0014009
125.4	-18.939	0.0013543

