-0.3829871121
1.062960507
0.3322349319
1.029827135
0.07193859734
3.896396078
0.8826793711
1.683292617
0.3619181804
-0.1273518387
1.352552917
2.456878386
0.5381227457
0.3400533425
1.065048109
1.2134727
-1.435862559
0.48151175
1.840739572
1.732821249
-0.9808678611
1.142981953
-2.092033195
-1.087367793
1.847809188
-1.112493906
0
-0.9124340909
-1.402620991
-0.764378886
-0.4448283423
-0.7315698026
0.9939207915
0.9474804001
0.9987191188
1.020881983
0.996314621
0.9642581365
0.9992985071
0.9528665114
1.006384978
1.028943892
1.006861028
0.9713004048
0.9962427661
0.9697711985
0.9771258072
0.9663875321
1.036511607
1.024042047
0.9914534554
0.974836234
0.9892859415
0.9803760158
1.045712601
1.015339105
0.9764415753
0.9732210969
1
0.9981047127
1.018562183
1.024255288
0.9653744573
1.01745411
0
0
0
0
0
0
0
0
0
0
0
0
0
0
0
0
0
0
0
0
0
0
0
0
0
0
0
0
0
0
0
0
-0.1664400876
1.699844516
0.2294825221
0.7485486325
1.874560725
0.03751329021
0.7022739316
0.5317138681
3.01253603
1.698417876
0.737801094
1.114534949
0.04613833346
-0.01378315511
1.121559374
1.445136331
1.398715942
-1.98998766
1.385285436
-0.4875897413
0.9440581559
0.6578934242
0.567743614
2.190867116
1.182890983
-0.4219309867
-0.5337003707
0
-0.2842369453
-0.01462990207
-0.5361889489
0.6175888406
0.985936872
0.9746470289
0.9872454924
0.9688252251
0.977879528
0.9733691386
0.9945147974
0.94413235
0.937130538
0.9878953764
0.9876665242
0.9430632707
0.9899336085
0.9934964634
0.9810921851
0.9747624928
0.9944695613
1.043678281
0.9857399951
1.002193325
0.9921350227
1.006888047
0.9883010786
1.00930978
0.9915188599
0.9731453291
1.029466744
1
0.9797287328
1.011575392
0.9778672252
0.974589798
0
0
0
0
0
0
0
0
0
0
0
0
0
0
0
0
0
0
0
0
0
0
0
0
0
0
0
0
0
0
0
0
