2.358809384
3.877520393
6.073638445
4.865013106
7.093121655
9.075250253
6.876077229
9.377043179
7.299489293
5.48228798
7.073008589
7.976719578
7.879775193
7.86643559
7.952955787
8.622515792
5.93751984
7.094248887
7.964453627
8.120172815
4.774418728
7.129014735
3.249835363
3.845423638
6.843037586
4.124514803
0
4.024298578
3.690569038
4.339237477
4.503705439
4.882426009
0.9945031138
0.9482261308
0.9981085104
1.019727018
0.9948382869
0.9636368979
0.9980922749
0.9516219256
1.004929685
1.027854806
1.004643831
0.9703292626
0.9945743111
0.967170668
0.9754139598
0.9644072861
1.032260261
1.020450483
0.9877979471
0.9715149086
0.9862857011
0.9775646973
1.042652908
1.012906467
0.9742515265
0.9707747888
1
0.9955070861
1.016030137
1.021147795
0.9627083892
1.014537
0
0
0
0
0
0
0
0
0
0
0
0
0
0
0
0
0
0
0
0
0
0
0
0
0
0
0
0
0
0
0
0
1.215981512
0.5019766832
0.4595364351
1.142666356
1.061646802
0.5938223849
-0.0875948734
0.3554728575
1.644356573
1.149906904
1.131397681
1.366144187
0.2688425772
1.487114797
1.93972026
0.8893959951
0.8673252075
-1.356038208
2.11479479
-0.04757514441
0.9150649707
0.1342448873
0.5486055047
1.708686914
1.255022794
-0.07913805449
-0.4675479471
0
0.005482527351
0.3722537487
-0.1117191575
0.2453165831
0.9883290768
0.9778188486
0.9894427872
0.9710085365
0.9813151467
0.9761013707
0.9974773377
0.9472283311
0.9405669438
0.9908211482
0.9901164986
0.9450865114
0.9915151199
0.9959309341
0.9836619253
0.977411002
0.9955556151
1.043274336
0.9847501517
1.002227729
0.992410031
1.007001288
0.9882160915
1.009022838
0.9921026953
0.9730814267
1.028643321
1
0.9800715923
1.011481009
0.9773288965
0.9744821526
0
0
0
0
0
0
0
0
0
0
0
0
0
0
0
0
0
0
0
0
0
0
0
0
0
0
0
0
0
0
0
0
