-6.724046822
2.889730846
-2.408115329
-0.4126053874
-3.505106629
0.6962223625
-4.088855902
-5.066090909
-4.318862295
-1.869859317
-3.996463316
-2.249135651
-3.377277127
-2.340638275
-4.381469136
-4.215234138
-4.68313851
-3.087151479
-2.305599759
-2.692113896
-4.330437423
-2.436053737
-2.969865453
-1.921425976
-3.848434609
-5.850645736
0
-3.693519141
-5.705099289
-6.505665722
-1.396090298
-6.215336561
0.9974782882
0.9474386766
1.000420235
1.018677677
0.9982288521
0.9671018154
1.003063812
0.9564818248
1.008748184
1.029676897
1.013366015
0.9731228964
0.999282094
0.9722628946
0.9800324501
0.9694348079
1.037483361
1.024961745
0.9931924316
0.9772952401
0.9878095186
0.981304202
1.044999264
1.013309342
0.9793018739
0.9767837973
1
0.9978862057
1.02096792
1.026544941
0.9636389739
1.02139022
0
0
0
0
0
0
0
0
0
0
0
0
0
0
0
0
0
0
0
0
0
0
0
0
0
0
0
0
0
0
0
0
-0.3344376999
1.806394966
0.4401277069
0.7881015501
2.057487935
0.5945979518
1.248206829
0.9043164887
2.687626694
1.264259935
0.7434456713
1.935943067
1.173693301
-0.03781203418
1.187217276
2.183027027
0.7376295429
1.773083478
1.411188378
-0.8014951841
0.09909990684
1.144110563
0.09022477338
1.658116907
1.267735795
-0.3910855726
-0.8025911533
0
-0.5265413454
-0.03564239526
-0.8030775725
0.4699900426
0.9876454425
0.9747801472
0.9883834618
0.9694759417
0.9784604021
0.9738474124
0.9951259678
0.9431164156
0.9380542231
0.988902238
0.9888793443
0.9436765043
0.9901973187
0.995188735
0.9810159029
0.9748064749
0.9962230642
1.041416567
0.9861467139
1.003880434
0.9929168887
1.008110834
0.9897436188
1.010393348
0.9919405499
0.9732677519
1.030502003
1
0.9803887759
1.013433689
0.9790145457
0.9752647749
0
0
0
0
0
0
0
0
0
0
0
0
0
0
0
0
0
0
0
0
0
0
0
0
0
0
0
0
0
0
0
0
