-0.04317440043
-0.4237593562
1.22051614
1.625051467
14.25967013
5.911383997
2.950897363
4.54250301
28.92155074
2.83456102
3.437910106
36.25262055
3.490322879
3.698323525
4.087293306
4.221452107
5.705859994
6.107365817
7.272835749
5.637915909
3.326025538
5.420159436
2.784161856
-0.5541460643
2.21455037
-0.1701171489
0
-0.4048143015
-1.28031678
0.03288992512
4.549719157
5.474818452
0.9936784588
1.010449395
0.9980109815
1.023685873
1.346136495
0.9620873478
0.9980716547
0.9496250509
1.186534605
1.025953311
1.03018065
1.07224395
0.9925129771
0.9657783743
0.973510432
0.9628617417
1.030587327
1.018605131
0.9860026271
0.9714587047
0.9852961463
0.9760345493
1.040711421
1.01520902
0.9766647716
0.972990779
1
0.9980360499
1.018745442
1.023765879
0.9609447486
1.012514096
0
0
0
0
0
0
0
0
0
0
0
0
0
0
0
0
0
0
0
0
0
0
0
0
0
0
0
0
0
0
0
0
1.015269201
1.557556411
0.7531311995
1.357032638
2.095546977
0.8201495406
0.8147153425
0.9202767909
4.3479585
2.203546452
1.431229057
2.269301178
0.8365120442
0.8877131719
2.044166763
3.22244101
2.112465716
-2.116866061
1.331866961
0.4066717483
1.261313229
2.079801998
0.9168065224
2.055639031
1.731895983
0.3091230948
-0.2715575072
0
0.4147864955
0.6340301993
0.4940315548
0.9391669178
0.984348833
0.9732667645
0.9856099341
0.9672936429
0.976804044
0.9717522275
0.9916738516
0.9427461579
0.9352149899
0.9858709622
0.9856691878
0.9410536986
0.9879764495
0.9920875976
0.9794962656
0.9744774764
0.9986809757
1.04448144
0.9858746979
1.001480098
0.9916624244
1.00657325
0.9879724919
1.009368178
0.9909621132
0.9727337208
1.028815899
1
0.9792637076
1.011369954
0.977558195
0.9742376358
0
0
0
0
0
0
0
0
0
0
0
0
0
0
0
0
0
0
0
0
0
0
0
0
0
0
0
0
0
0
0
0
