1.755809887
4.558986342
2.654031664
3.208339438
2.469739945
7.138170887
3.566609731
3.445770299
2.829570808
1.001260528
5.391388842
3.813393284
3.322487681
4.180413186
3.717493733
4.133254271
1.46526059
2.839657121
3.369644065
3.998656112
2.757934302
4.268817429
0.01442024219
1.556708921
3.832793847
1.058178066
0
0.5972510789
-0.04835523328
2.22979826
2.123891861
1.271052126
0.989646289
0.945261286
0.9947578586
1.014701321
0.9902860793
0.960004286
0.9950959667
0.9454505322
1.000648421
1.026771424
1.002499672
0.9663318153
0.9900336262
0.9626012519
0.9714815655
0.9601588465
1.031138028
1.019790424
0.9880662751
0.9709369489
0.9804728533
0.9751371138
1.040495294
1.009363723
0.9731464047
0.9696907814
1
0.9953302782
1.015774816
1.018911808
0.9586970591
1.013986487
0
0
0
0
0
0
0
0
0
0
0
0
0
0
0
0
0
0
0
0
0
0
0
0
0
0
0
0
0
0
0
0
0.4530948591
2.198004826
1.104096275
1.651770237
1.005988762
0.8620840343
1.346977632
2.189711988
2.581496247
2.68259918
1.730737172
1.883382123
0.7531848275
0.7008988545
1.582822214
2.304088796
1.272107894
-0.4968741066
0.3645913395
0.957788147
0.8532785775
3.523447512
1.060161795
2.230303872
0.9537716926
0.05433036181
-0.2654841672
0
-0.1423830785
-0.2419065071
0.6263165302
2.009817159
0.9842521184
0.9720145832
0.986050515
0.96656073
0.9771758037
0.9713094668
0.9913825706
0.9393185343
0.9352556695
0.984004207
0.9848837287
0.941342813
0.9896573233
0.9914034134
0.9770645034
0.9727763064
0.9950748629
1.042391597
0.9864281679
0.9995969443
0.9911953591
1.004453306
0.987660712
1.008697791
0.9922049161
0.9721741407
1.02863334
1
0.9792668814
1.012341345
0.974963722
0.9724848827
0
0
0
0
0
0
0
0
0
0
0
0
0
0
0
0
0
0
0
0
0
0
0
0
0
0
0
0
0
0
0
0
