1.059074768
3.176897926
2.841138391
3.600249582
2.949179745
6.856759581
3.530640367
4.563035455
3.045615011
2.604853334
4.27391627
5.418583598
3.178464624
3.856686719
4.048450944
4.36573256
1.156655894
1.020261179
4.10596129
4.386166226
2.414708474
4.390134972
-0.322797709
1.519868241
4.780479706
1.038782785
0
1.036709562
-0.3193178782
1.997632991
2.222327408
1.524264992
0.9909038998
0.9427960047
0.9951007425
1.014950778
0.991512471
0.9598605021
0.9950948107
0.9486795095
1.000837116
1.025544136
0.9994455982
0.9662568556
0.9917779806
0.964283101
0.9726588951
0.9614754191
1.034085469
1.021240665
0.9893531696
0.97369212
0.9842727216
0.9771006381
1.043575436
1.011761613
0.9737638819
0.9717815119
1
0.9963680363
1.018051344
1.021015265
0.9622951867
1.015363779
0
0
0
0
0
0
0
0
0
0
0
0
0
0
0
0
0
0
0
0
0
0
0
0
0
0
0
0
0
0
0
0
1.163918011
2.222052258
0.8875510355
1.002251131
2.410404318
0.9726451758
1.18231089
1.899372132
5.163545176
2.2345285
1.693018655
2.444210364
1.031358804
0.8934445019
2.138828633
3.146105241
2.054191087
-1.49797833
2.409816189
0.2534049273
1.342537297
2.443075594
1.405537089
2.578248049
1.718412167
0.0667134013
-0.2322733079
0
0.07266667358
0.2424581991
0.4847080155
1.555521147
0.9834471283
0.9719383161
0.9852245082
0.967039307
0.9752348232
0.9709987039
0.9909209474
0.9405315191
0.9335784153
0.9846424595
0.9847164647
0.9407144919
0.9881026561
0.9910967186
0.9774116809
0.9734749989
0.993906827
1.042056443
0.9846495346
1.000588296
0.991316081
1.005460794
0.9871973558
1.008260046
0.9907133059
0.9725870834
1.028445872
1
0.9795960821
1.011462848
0.9760922543
0.9728778445
0
0
0
0
0
0
0
0
0
0
0
0
0
0
0
0
0
0
0
0
0
0
0
0
0
0
0
0
0
0
0
0
