0
0
0
29.31050656
55.72388633
-96.28432103
-19.49806604
408.2138873
-35.91278208
27.5093009
152.7941665
10.20499521
6.284686261
53.15861268
18.6294474
-25.35237112
-48.95902465
140.7919535
50.26528164
10.02739411
122.7324972
0
0
0
51.10526316
0
0
34.39969729
0
-27.64663062
-4.62309883
10.47067803
0
0
0
0.9347572506
0.8117487255
1.517016984
1.088414766
-0.313899645
1.198544202
0.9200390703
0.2109048546
0.9649649109
1.017729476
0.691278776
0.9771795
1.109998135
1.235692942
0.5970756712
0.8166421383
0.9972364884
0.3076570947
0
0
0
0.8713450292
0
1
0.8690516746
0
1.204738436
1.076324176
0.9519781198
0
0
0
0
0
0
0
0
0
0
0
0
0
0
0
0
0
0
0
0
0
0
0
0
0
0
0
0
0
0
0
0
0
0
3.648745518
0
-0.491467723
0
9.450688323
-24.55953228
16.8110524
-10.76374334
-103.6343284
-21.65803953
0.07212246628
-10.35019386
-33.32188716
0.9923083794
-42.68783271
-43.64330495
-98.92677626
0.6311795679
0
0
0
16.10095366
-2.945243996
11.74551034
0
0
-17.5
-8.444444439
0
0
0
0
0.986260454
0
1.02607467
0
0.9574586107
0.9964344566
0.8475948453
1.074738003
1.708955224
1.07880067
1.028891942
1.011775088
1.159359738
0.987454048
1.168050446
1.178184672
1.655144214
1.009870085
0
0
0
0.9315272512
1.034909003
0.9194477338
0
1
1.125
1.111111111
0
0
0
0
0
0
0
0
0
0
0
0
0
0
0
0
0
0
0
0
0
0
0
0
0
0
0
0
0
0
0
0
0
0
