14.92165058
20.87903524
35.91436546
40.19893641
44.77370025
50.20256798
60.68073285
51.730559
53.83080104
45.89824083
47.13682827
49.70301709
47.95403105
48.80816284
47.14282932
49.71327164
52.64144381
31.71964272
54.75252896
52.90032256
47.59469571
44.06247128
38.80502603
35.47754415
42.12910695
34.06234507
0
34.35490007
37.15061964
39.00376746
41.95559507
41.64025316
0.9820384747
0.9302286319
0.9703172403
0.9845596471
0.9591553433
0.9271061427
0.9474144942
0.9126523953
0.9640472738
0.9888858026
0.965062966
0.9317434964
0.9563973015
0.9301032924
0.9393929171
0.9265518358
0.9899526527
0.9907612942
0.9473192822
0.9340482716
0.9475791184
0.9452057398
1.008939965
0.9839565604
0.9439829614
0.9456678519
1
0.9697395316
0.9866662058
0.9897817814
0.9298630296
0.9819626392
0
0
0
0
0
0
0
0
0
0
0
0
0
0
0
0
0
0
0
0
0
0
0
0
0
0
0
0
0
0
0
0
2.390625629
2.383110397
2.121759187
3.229167257
3.341800296
3.008653707
2.658963937
3.953997163
5.730169248
3.876989925
3.333283658
4.088641783
2.138064488
2.895383607
4.15323453
4.105193361
3.381714318
-1.707691196
2.706537551
1.597456461
2.864353369
2.672948735
2.566890555
2.980252862
2.983858046
1.384340205
0.2407907861
0
1.434063688
1.288097216
1.204684849
2.031108131
0.9853615333
0.9740342618
0.9864467626
0.9679397696
0.977640032
0.9723434023
0.9921684778
0.9422642679
0.9359245285
0.9864994645
0.9861432966
0.9419812609
0.9886460575
0.9932848945
0.978987211
0.9737032928
0.9927554349
1.044781339
0.9849424404
1.000995769
0.99033523
1.005882771
0.9867212968
1.008771685
0.989950683
0.9717178423
1.028425283
1
0.9784829834
1.011112972
0.9774269716
0.9738244279
0
0
0
0
0
0
0
0
0
0
0
0
0
0
0
0
0
0
0
0
0
0
0
0
0
0
0
0
0
0
0
0
0
0
0
