7.344801558
11.45006946
17.44445508
18.34950166
21.45955287
25.50608008
22.01329243
26.84765319
22.39748462
20.84518161
23.02661782
24.97401729
24.31870076
25.37468339
24.09450579
26.25061673
24.13220755
26.11632289
27.58099648
26.87372445
21.69988138
22.22524319
16.40832423
16.01146493
22.12455232
16.90160434
0
15.70711368
15.6852121
16.4517473
19.04606856
18.72583359
0.9903615229
0.9415903179
0.9896067768
1.009997604
0.9842082455
0.9522562027
0.9872380225
0.9384392591
0.9926540439
1.016265928
0.9921776258
0.9574562995
0.9824987691
0.9543410825
0.9636509734
0.9517207226
1.019195157
1.006683551
0.9742105602
0.958901725
0.974256654
0.967413701
1.032918573
1.003860173
0.963756831
0.9622755333
1
0.9872516231
1.007612671
1.012026563
0.9527235735
1.004704872
0
0
0
0
0
0
0
0
0
0
0
0
0
0
0
0
0
0
0
0
0
0
0
0
0
0
0
0
0
0
0
0
1.422512772
0.62880778
0.6672040424
1.561463393
1.132614445
1.425204631
0.2757338577
0.6787427711
2.106739785
1.550971704
1.500991793
2.043871608
0.6043095211
1.887972516
2.344645145
1.805117472
1.353661288
-1.223273123
2.607337659
0.4142737749
1.498478686
0.4539919218
1.027365751
2.466075489
1.571441009
0.6167991078
-0.3062578153
0
1.013012643
3.445734471
0.4618068022
0.6153707847
0.9876568865
0.9768277239
0.9886103613
0.9699465304
0.9808285799
0.9744592789
0.9966054807
0.9464819621
0.939748403
0.9895902703
0.9891449831
0.9437268399
0.990635441
0.9950003536
0.9828299171
0.9754066453
0.9948728113
1.043385718
0.9839137005
1.001853786
0.9915787321
1.006519697
0.987899442
1.008303487
0.9915619053
0.9720376309
1.02969483
1
0.9788791331
1.011094306
0.976693101
0.9739189373
0
0
0
0
0
0
0
0
0
0
0
0
0
0
0
0
0
0
0
0
0
0
0
0
0
0
0
0
0
0
0
0
