1.335926138
1.751110522
2.457066272
2.554375694
2.363855696
5.836179337
3.148454151
3.638474006
2.599810304
1.037214852
3.94905027
3.684974889
2.802083319
3.265034145
3.315052755
3.517911004
0.8618801321
2.512634007
3.15986542
3.309314874
0.5980628706
2.839087731
-0.82772239
0.7436614884
3.297444905
0.5821975606
0
0.577837844
-0.5323556587
1.274421237
0.8672414543
1.267602619
0.9914792978
0.9459264392
0.9961397822
1.01772001
0.9929451855
0.961694942
0.9960037649
0.949727118
1.003046591
1.026823482
1.002324269
0.9687456661
0.9927483899
0.9659660576
0.9737628682
0.962953177
1.033916428
1.021557042
0.9896711543
0.9734254059
0.9864435052
0.9785646359
1.043845508
1.012751461
0.9749383191
0.972005281
1
0.996735902
1.017754751
1.021222399
0.9633747906
1.015043025
0
0
0
0
0
0
0
0
0
0
0
0
0
0
0
0
0
0
0
0
0
0
0
0
0
0
0
0
0
0
0
0
-0.1070266794
1.964145355
0.1382072395
0.6926356829
0.966356448
0.05254478626
-0.06392188364
0.05023752965
2.135985699
1.78745569
0.921181666
1.32619485
0.2700224115
0.04771476098
1.228849414
1.919142284
1.050143016
-3.106379654
0.5038275759
-0.2285113849
0.8034276982
1.096876178
0.5373752578
1.91969408
1.057369573
-0.4344601293
-0.5142330972
0
-0.3894477812
-0.3973587245
-0.5938008346
0.6343148826
0.9851744645
0.9734999808
0.9867506386
0.9679796956
0.9781392964
0.9726471496
0.9950378127
0.943858587
0.937249513
0.9865928639
0.9865518457
0.942170872
0.9892117724
0.9926568383
0.9798236639
0.9735418839
0.9950379555
1.045012979
0.9870290767
1.001631332
0.9923396732
1.006498549
0.9884329802
1.009768769
0.9918758049
0.9731067375
1.029368827
1
0.9798850404
1.012271558
0.9777547059
0.9745555321
0
0
0
0
0
0
0
0
0
0
0
0
0
0
0
0
0
0
0
0
0
0
0
0
0
0
0
0
0
0
0
0
