25.01818316
31.87057398
64.05387579
72.23420134
66.20829595
79.48756226
65.45543841
77.06432083
71.5374136
60.97343808
73.76879224
66.00468549
67.41912512
67.62442466
57.35949186
65.27908876
85.90490661
59.96228885
56.42237042
58.64367575
68.35141109
52.30501558
49.00990979
69.82177726
73.29645758
60.24303268
0
61.34056964
70.37086146
75.58367127
40.34102621
70.99728463
0.9274658125
0.8774159881
0.8222673574
0.8138205224
0.8275088164
0.7560822337
0.824941748
0.7500999573
0.8224887884
0.8531581164
0.8239058857
0.8074118268
0.8180698064
0.7973302332
0.8276941442
0.8034879772
0.7811208935
0.8486849338
0.8354328781
0.817507844
0.7814008598
0.836520105
0.8955989561
0.8136622452
0.7766705271
0.8077065792
1
0.823512399
0.8128517741
0.8027694693
0.853407744
0.7810087726
0
0
0
0
0
0
0
0
0
0
0
0
0
0
0
0
0
0
0
0
0
0
0
0
0
0
0
0
0
0
0
0
4.596491755
3.78065224
5.823244246
7.18863174
4.178420538
2.544466105
5.119626234
7.034343651
6.694980682
2.638687883
3.28746245
12.16275348
3.637554685
3.708065589
1.670075697
4.756845671
3.56683185
3.482217048
3.845706959
3.494811148
4.021917306
-39.86691915
5.175260852
4.179876839
0.9766429512
3.954052981
0.5609173997
0
4.706012346
2.732470708
4.026290637
4.51809909
0.9829560843
0.9644281025
0.9712680361
0.9508693458
0.9724309877
0.9755360738
0.9858569661
0.9206937427
0.9313944962
0.9786538992
0.9769933623
0.9302738605
0.9737629373
0.983652026
0.9760393533
0.9570837156
0.9888253485
1.036189996
0.9793483759
0.9946731058
0.9840252737
1.063294478
0.975869319
1.000328065
0.9878202174
0.9622652838
1.028025936
1
0.9718020996
1.004834383
0.9642401091
0.9611578632
0
0
0
0
0
0
0
0
0
0
0
0
0
0
0
0
0
0
0
0
0
0
0
0
0
0
0
0
0
0
0
0
