5.520645404
8.005621854
13.84599826
14.83271259
15.80451053
18.46727204
16.45497435
19.86033489
26.94863925
15.07691748
17.70957138
19.25257748
18.02439752
18.05106167
17.88224075
19.16474663
19.61523876
27.12250619
21.25634742
20.0394375
16.73173261
17.31281619
13.28716244
12.72084035
17.06387566
12.3361507
0
12.10779336
12.56737531
5.805687347
14.5146298
14.92752578
0.9887839868
0.9448429494
0.9887058872
1.00666668
0.9825692389
0.9534277287
0.9870755818
0.9378941284
0.975576975
1.016151342
0.9946824105
0.9566011229
0.9818918752
0.9544285038
0.9630423381
0.9516335354
1.017913292
0.9958787229
0.973989289
0.9599946085
0.9720366481
0.9672775093
1.031591466
1.002771636
0.9645798209
0.9635996829
1
0.9880322878
1.008252189
1.011078408
0.9514415544
1.004693664
0
0
0
0
0
0
0
0
0
0
0
0
0
0
0
0
0
0
0
0
0
0
0
0
0
0
0
0
0
0
0
0
0.5106433904
1.801047302
0.4591889369
1.279939933
1.713601486
0.8372929016
0.485985188
1.873817604
2.345385687
2.373527332
1.346806329
1.719526426
0.6057755357
0.5733411247
1.721008247
2.127521065
1.734431401
-0.4422574309
0.7473891271
-0.1039984248
1.236416671
1.744663387
0.7980683367
1.680409656
1.656767659
0.1515337372
-0.7727303249
0
0.1125191866
-0.1380969558
-0.3400364413
1.083504096
0.9881065279
0.9757344412
0.9891605011
0.9704520158
0.980765061
0.9748309188
0.9972972632
0.9434622856
0.9398732332
0.9893874245
0.989224094
0.9444004144
0.9911235294
0.9959292475
0.9821572813
0.9756176187
0.9949936874
1.044499481
0.9874225723
1.003669325
0.992072164
1.007182444
0.9891868096
1.010549283
0.9913249999
0.9725381927
1.030265678
1
0.9796086232
1.013417237
0.9788082496
0.9749793912
0
0
0
0
0
0
0
0
0
0
0
0
0
0
0
0
0
0
0
0
0
0
0
0
0
0
0
0
0
0
0
0
