0.5981376624
2.818804263
1.650143518
2.151132245
1.696719851
5.190236081
2.042729867
3.920719319
1.929861342
1.289404034
2.253518123
3.833134809
2.026875583
1.77365083
2.050712199
2.317976513
-0.3656381337
1.350841984
3.244270648
3.066094229
0.988510118
2.147349408
-0.6304233357
0.3578176719
2.793952395
0.2284315331
0
0.3132651738
-0.6825771112
0.4809465034
1.626277224
0.1860174735
0.9932860087
0.9459621119
0.9982474794
1.02073101
0.9955758093
0.9638295198
0.9989902496
0.9517607991
1.004662203
1.028118271
1.005702736
0.9705545765
0.9957657778
0.9683791518
0.9768291762
0.9660902647
1.035386908
1.022618851
0.9897844255
0.9732205523
0.9875688076
0.979303386
1.044155181
1.013913256
0.9753374164
0.9721807299
1
0.9970600665
1.0180783
1.022769955
0.9638363902
1.016754489
0
0
0
0
0
0
0
0
0
0
0
0
0
0
0
0
0
0
0
0
0
0
0
0
0
0
0
0
0
0
0
0
0.511732539
1.468318342
0.3957158001
1.03879363
2.418689629
0.4730342908
1.087777576
1.047915688
3.161598365
1.793696433
0.7409405482
0.9834819276
0.33743531
0.197567912
1.244068885
1.392020073
1.01184796
-0.9693016705
1.543029614
-0.5807891357
0.7726475887
-0.09884203095
0.3129007394
1.979253659
1.380761796
-0.126072525
-0.6400773386
0
0.2204422066
2.154635272
-0.6336932534
0.1658033738
0.986293119
0.9750897381
0.9876241122
0.9689941822
0.978132005
0.9733671164
0.99471131
0.9437224002
0.9374655335
0.9877993845
0.9881966214
0.9434325917
0.9901585143
0.9943404029
0.9813045149
0.9750090742
0.9946786525
1.04332621
0.9856197177
1.00253946
0.99215952
1.007348056
0.9888919152
1.009501437
0.9911692289
0.972643301
1.031026624
1
0.9792567082
1.012551223
0.978066971
0.9747799933
0
0
0
0
0
0
0
0
0
0
0
0
0
0
0
0
0
0
0
0
0
0
0
0
0
0
0
0
0
0
0
0
