-0.6984596464
-1.949584855
0.3250130531
1.193124709
-0.4144686669
3.266031104
-0.2848788688
0.3690888715
-0.6355917746
-0.5817236048
0.4827814076
1.716813558
-0.5803748323
-0.4912970225
-0.7237729837
0.01492367924
-2.153107884
-0.1309397947
0.6947418997
0.8257052619
-1.377557009
0.1618131627
-2.287353966
-2.379507259
1.26019134
-1.853749356
0
-1.934222854
-2.337856156
-1.439089853
-1.359403508
-2.042390575
0.993638223
0.9775712246
0.9988272079
1.023769284
0.9960793792
0.9647758875
1.000520123
0.9548388653
1.012401777
1.028697658
1.013395792
0.9825973858
0.9964241709
0.9708282251
0.9779092758
0.9669318818
1.037632519
1.025254436
0.9931150922
0.9763958571
0.9898161376
0.9813139325
1.046332788
1.016860831
0.9771321281
0.9742343122
1
0.9991877183
1.020463349
1.025184243
0.965975704
1.019033546
0
0
0
0
0
0
0
0
0
0
0
0
0
0
0
0
0
0
0
0
0
0
0
0
0
0
0
0
0
0
0
0
0.3480327968
1.6157821
0.6170965661
0.9829835476
2.038142992
0.007449726184
0.9656702373
0.6484311692
2.887723991
1.622074209
0.872214417
1.251177506
0.6112773774
0.02824450453
1.208204551
1.881004161
1.192963536
-1.571518634
1.453698066
-0.4744026949
0.6847095173
0.6985866605
0.5355617541
2.208696319
1.201296065
-0.1807021659
-0.2322522572
0
-0.0206776729
0.0874134549
-0.4806003899
0.6002991661
0.9845518645
0.9738300176
0.9859447065
0.9678519134
0.9767400974
0.9728785706
0.9933101002
0.943195211
0.9363452655
0.9868143909
0.9866315024
0.9420634373
0.9883210391
0.9926007328
0.9799552549
0.9737041207
0.9948174205
1.043199873
0.9854355563
1.002295073
0.9924318506
1.007259062
0.9883679433
1.009273511
0.9917257256
0.9727865601
1.028718394
1
0.9792853878
1.011325679
0.977657495
0.9746438389
0
0
0
0
0
0
0
0
0
0
0
0
0
0
0
0
0
0
0
0
0
0
0
0
0
0
0
0
0
0
0
0
