-0.2607952884
1.052720324
0.3116011888
1.077795409
0.0654040324
3.152827874
0.5530017946
1.501046975
0.2578864576
-0.02227314812
1.068041669
2.654202908
0.4472526249
0.1076190082
0.6443676401
0.8106332905
-1.267784369
0.5329773149
1.682078863
1.51896169
-0.673201973
0.7500066608
-1.742034259
-0.9841889339
1.331429828
-1.387180405
0
-0.4199505651
-1.720993606
-0.44312192
0.06234727974
-0.6735694648
0.994474393
0.9482176652
0.9994500172
1.02141802
0.9971130627
0.9655452137
1.000306497
0.9541605939
1.00727849
1.029625664
1.007648615
0.972291432
0.9971848581
0.9702702004
0.9782797418
0.9675196512
1.036670856
1.024160834
0.9916788482
0.9750038604
0.9893133803
0.980629485
1.045619991
1.015547585
0.976852415
0.9735167482
1
0.997798724
1.019119519
1.024094529
0.9652385647
1.017637322
0
0
0
0
0
0
0
0
0
0
0
0
0
0
0
0
0
0
0
0
0
0
0
0
0
0
0
0
0
0
0
0
0.2659772362
1.556552661
0.1345950754
0.9695739364
2.452881801
0.3205547059
0.8651364188
0.7850116741
3.054598843
1.964902635
0.8276842854
0.832531563
0.3033928788
-0.1166466778
1.263608741
1.4168966
0.8228464584
-1.262806115
1.417584219
-0.7436796742
0.5988023236
-0.01765947907
0.3001844993
1.980026933
1.139641143
-0.2448551755
-0.7583703752
0
-0.1131825118
-0.0746320338
-0.5657603087
0.2025918975
0.9865135375
0.9754066345
0.9880294618
0.9694222049
0.9787167612
0.973815956
0.995089324
0.9445732254
0.9378638978
0.9885020902
0.9884610538
0.9439262356
0.9903326025
0.9946557373
0.9819112274
0.9754134485
0.9950881063
1.043267803
0.9859072149
1.002573839
0.9924979982
1.007554925
0.9886972955
1.009724208
0.9916734503
0.9729788915
1.02977794
1
0.979496516
1.01187772
0.9780665911
0.9750071537
0
0
0
0
0
0
0
0
0
0
0
0
0
0
0
0
0
0
0
0
0
0
0
0
0
0
0
0
0
0
0
0
