0.2347208502
1.915484859
1.195259625
1.618614117
0.6777258627
5.135663851
1.510352849
1.766494752
0.7857680256
0.637355708
1.882164642
2.827199726
0.6973206177
1.399000532
1.283542118
1.689994468
-0.9158077898
0.7843329355
2.147965654
2.426503706
-0.2705946991
2.075405222
-1.788115771
-0.3169692318
2.457163945
-0.5178563867
0
-0.5829297388
-1.378261768
-0.3082969932
-0.08180192759
-0.3390743294
0.9924945029
0.9457834227
0.997243395
1.020446194
0.9951138354
0.9629131503
0.9983207209
0.9509927959
1.004216689
1.02740511
1.005231166
0.9694119729
0.9953153847
0.9685065201
0.9759643066
0.9652340828
1.036095508
1.023566401
0.9912010028
0.974570118
0.9885937002
0.9800117559
1.045277056
1.014285237
0.9763325471
0.9729158456
1
0.9979863437
1.018788732
1.023823165
0.9651299332
1.017366551
0
0
0
0
0
0
0
0
0
0
0
0
0
0
0
0
0
0
0
0
0
0
0
0
0
0
0
0
0
0
0
0
-0.08804860127
1.693188222
0.4593337416
0.8972007988
1.804486738
0.2903375392
0.9551891104
0.6593831302
2.909978992
1.370952874
0.8584547674
1.523975087
0.597774761
0.2501585569
0.9194859196
1.904656871
1.684726599
-1.916037332
1.145839352
-0.4016581847
0.9080213627
2.141296681
0.9529707975
2.258337529
1.629480783
-0.2477739191
-0.3339774453
0
-0.1891739937
1.695359871
-0.4004253084
1.229900093
0.9849038294
0.9732356356
0.9860458891
0.9673421786
0.9767570774
0.9722431007
0.9934573826
0.9431585553
0.9358735757
0.9862808632
0.9864244763
0.9415296431
0.9885477925
0.992306996
0.9797738581
0.9731718735
0.9942550549
1.043912223
0.9857881661
1.002139094
0.9919468105
1.00629581
0.9882769031
1.009179664
0.9909590387
0.9729069371
1.030826784
1
0.979529303
1.012655382
0.9775565514
0.9740983351
0
0
0
0
0
0
0
0
0
0
0
0
0
0
0
0
0
0
0
0
0
0
0
0
0
0
0
0
0
0
0
0
