-0.246082208
0.9444376092
0.7476935434
1.133468453
0.06124851891
4.165267736
0.9523291372
1.746521433
0.4435676847
-0.1081485884
1.433051815
2.38918344
0.482124039
0.4215814424
1.026379062
1.340241449
-1.246330475
0.5238792039
1.666421315
1.873641963
-1.063413169
1.315526883
-1.882205415
-0.8446961007
1.781039889
-0.941894172
0
-0.9045373462
-1.709053524
-0.5823979881
-0.578676167
-0.58073167
0.9933622343
0.947169449
0.9980915562
1.020469662
0.99599343
0.9638398789
0.9989975886
0.9523427005
1.00595651
1.028657768
1.006499343
0.9709175635
0.995968722
0.9695642452
0.9768134562
0.9659952883
1.036495306
1.024157973
0.9917535948
0.9748864962
0.9894383652
0.9804979337
1.045477103
1.015163377
0.9767082839
0.9731905869
1
0.9981607664
1.018912299
1.024138684
0.9655326202
1.01738473
0
0
0
0
0
0
0
0
0
0
0
0
0
0
0
0
0
0
0
0
0
0
0
0
0
0
0
0
0
0
0
0
-0.01300058733
1.7337323
0.2921173799
0.7424692788
1.859194332
0.1299113454
0.8072154398
0.6510460629
3.114782177
1.548210482
0.8028399995
1.145152949
0.06319833116
0.09647055023
1.111986551
1.46575447
1.372415851
-1.975249151
1.358400335
-0.5658186979
0.88992178
1.10859013
0.6224201368
2.150907357
1.270570323
-0.3638406804
-0.3920205072
0
-0.3011620442
-0.02962761273
-0.4043551724
0.8400187672
0.9853875804
0.974313376
0.9869169085
0.9683602287
0.9774579479
0.9730267488
0.9941489248
0.943810118
0.9367174674
0.9875629249
0.9872206905
0.94275028
0.989610164
0.993068319
0.9807793541
0.9744804662
0.994587065
1.04371307
0.9858061096
1.002287002
0.992200841
1.006795031
0.9883278393
1.009523765
0.9915113407
0.9731123701
1.029459966
1
0.979746931
1.01157494
0.9777627036
0.974553278
0
0
0
0
0
0
0
0
0
0
0
0
0
0
0
0
0
0
0
0
0
0
0
0
0
0
0
0
0
0
0
0
