-0.01079180833
1.619622218
1.11608028
0.7696592889
1.309851674
4.250030365
1.379788478
4.152657565
1.604175768
0.312464981
1.590485636
3.386663616
1.937576886
1.173660871
2.217268422
2.26410002
-0.7009363114
0.3433436949
2.467866643
2.022307968
-0.3937937498
1.017009318
-1.488350001
-0.122445292
1.569304883
-0.1131342576
0
-0.149014625
-0.5605277958
-0.376992119
0.9530059991
-0.0004412976972
0.994374856
0.9457520784
0.9984452591
1.018980642
0.9955136157
0.9640721575
0.9990013384
0.9511451807
1.004412183
1.027798157
1.004765973
0.970271697
0.9952627371
0.969055699
0.9762376084
0.9657018568
1.036996602
1.024993335
0.9918686405
0.9757735281
0.9896204669
0.9806817397
1.046336791
1.015755015
0.9766276123
0.973834997
1
0.9982152839
1.019744625
1.024523072
0.9648189919
1.018348841
0
0
0
0
0
0
0
0
0
0
0
0
0
0
0
0
0
0
0
0
0
0
0
0
0
0
0
0
0
0
0
0
0.7551034893
1.010459929
0.1111544023
0.7071895417
1.368582925
0.24107166
-0.1696839178
0.2983913528
1.828227428
1.149960739
0.9307130558
1.180105984
-0.07019744329
1.051252073
1.567201438
0.9213921302
0.9048038453
-1.866303478
1.881333068
-0.4232772562
0.6575826636
-0.1435360435
0.3515562657
1.201812449
1.278382537
0.02842072773
-0.8357856716
0
0.2461343859
0.2844939588
-0.3402315151
-0.05888324796
0.9849312301
0.9739350572
0.986353353
0.968017286
0.9778065095
0.9727093453
0.9941686539
0.9435736978
0.937089734
0.9872434555
0.9866307794
0.9421477934
0.9886010112
0.9926381922
0.9800971076
0.9741486935
0.9953237564
1.044201565
0.985075257
1.003424748
0.9924502306
1.007103106
0.9881450591
1.009117569
0.9913831372
0.9729304069
1.028848747
1
0.9797461319
1.011384803
0.9775720426
0.9745154641
0
0
0
0
0
0
0
0
0
0
0
0
0
0
0
0
0
0
0
0
0
0
0
0
0
0
0
0
0
0
0
0
