0.3124327311
-0.1197233804
1.216729861
1.751695227
15.80675833
6.541566305
3.063032868
2.935514536
23.77585544
3.057029177
3.524500463
22.543239
2.894268366
3.723829149
3.450998145
3.9245049
5.504695577
5.713335077
6.614725232
5.410547301
3.134453714
5.114641899
2.691662708
-0.3468965704
2.511926585
-1.280548612
0
-0.3079584992
-1.55287849
0.03078626232
3.740243808
4.299156055
0.9927199602
0.9931972884
0.9975047505
1.023257949
1.24663856
0.9613934821
0.9976894775
0.9495064494
1.336918331
1.025612086
1.029043454
1.18971113
0.9924728537
0.9662969209
0.9736739168
0.9626333618
1.031365932
1.019313265
0.9870265791
0.971890791
0.9852729369
0.9770524971
1.040553412
1.014606108
0.9768749818
0.9737635545
1
0.9976998603
1.018768702
1.0235613
0.9617634949
1.013232798
0
0
0
0
0
0
0
0
0
0
0
0
0
0
0
0
0
0
0
0
0
0
0
0
0
0
0
0
0
0
0
0
1.040799716
1.911253379
1.155292367
1.647481389
2.304013621
0.8756784251
1.192172973
0.8940519128
5.093349508
2.314297475
1.556996984
2.833862444
1.60805345
0.7504807148
2.058473506
4.238752911
2.905842551
-1.473183773
1.135706834
1.334574999
1.334283949
3.888840447
1.623043882
2.674774666
1.500087643
0.333611325
0.2752717353
0
0.4188022313
1.340967002
1.876087675
1.546341065
0.9838109764
0.9727585899
0.9849017443
0.9667726976
0.9761997057
0.9714626943
0.9911803025
0.9428341419
0.9341923726
0.9854522541
0.9852550097
0.9403227549
0.9870975603
0.9916823655
0.9788857022
0.9736491077
0.9986101957
1.044260111
0.9863114907
1.001329901
0.9917763563
1.006169488
0.9877928014
1.009470821
0.9910424424
0.9728650326
1.028551635
1
0.9793025525
1.011445937
0.9771962766
0.973946581
0
0
0
0
0
0
0
0
0
0
0
0
0
0
0
0
0
0
0
0
0
0
0
0
0
0
0
0
0
0
0
0
