0.390326628
-0.2014737674
1.178906203
2.370275505
19.97362041
6.252138789
3.267115949
2.94543758
42.54206413
4.132812656
4.58459118
22.27458666
3.527770951
4.124118885
3.877825971
4.364866729
9.506982346
8.607002225
10.2599561
5.863343026
4.418809926
6.339108723
3.584360959
-0.7150916187
2.619921038
-1.255009076
0
-0.3266764469
-1.686456502
-0.0258987783
4.307534854
6.251261819
0.9924375758
0.9849318893
0.9973461295
1.022746942
1.182555096
0.9615178132
0.9973846634
0.9497608327
1.50855668
1.025051761
1.027543294
1.192460521
0.9919865326
0.9660043613
0.9733610087
0.9622913938
1.027536356
1.016158584
0.9857562768
0.9722011261
0.9846030763
0.9764252973
1.04052232
1.014857944
0.9769710317
0.9737870967
1
0.997916749
1.019092525
1.023355486
0.9615745012
1.011955868
0
0
0
0
0
0
0
0
0
0
0
0
0
0
0
0
0
0
0
0
0
0
0
0
0
0
0
0
0
0
0
0
1.064223179
2.052253034
1.493327072
1.989874063
2.506691717
1.115432361
1.346583955
1.067959113
5.004123667
2.233647813
1.529581274
2.880759749
1.82854052
0.7877625289
2.203616817
4.59306429
2.88828918
-1.11791943
1.294085398
1.392583973
1.275620556
3.624938758
1.526718625
2.486891244
1.524326509
0.4972308067
0.3832993152
0
0.699283924
1.445631172
1.777782524
1.34645123
0.9837708376
0.9727992443
0.9846564083
0.9665094244
0.9759708899
0.9713343025
0.9911204805
0.9428873
0.9342920869
0.9855662941
0.9853468626
0.9403163503
0.9869657926
0.9917404902
0.9789462056
0.9737291151
0.9988533054
1.044545
0.986374748
1.001719778
0.9920923753
1.006835122
0.9882089107
1.009899083
0.9910875301
0.9728053999
1.028671149
1
0.9791040875
1.011600953
0.9778091802
0.9743827348
0
0
0
0
0
0
0
0
0
0
0
0
0
0
0
0
0
0
0
0
0
0
0
0
0
0
0
0
0
0
0
0
