-1.861611046
-0.9535888098
-1.492406735
1.864415812
-1.967194476
1.476553078
-2.257992576
-0.4579503105
-2.824964365
0.9143938704
-2.7303789
0.84613047
-1.982923935
0.0479399469
-2.277151657
-0.7962170372
-2.302845108
-2.204775722
-0.747941466
-0.9305129751
-0.7448831976
-1.027502973
-1.041569253
-2.998090335
-0.8970215934
-2.657130992
0
-2.901643485
-2.218715016
-3.66106999
-0.4744423011
-3.772822202
0.9932962307
0.9464950882
0.9996270292
1.017253318
0.9964002408
0.9652991423
1.000811324
0.9542957236
1.006164944
1.027406757
1.006390779
0.9711341724
0.9972710181
0.9700758429
0.9787150248
0.9679973624
1.038615887
1.027847705
0.9947240209
0.9793808231
0.9891406965
0.9830772939
1.04486492
1.016583104
0.9799023767
0.9759127506
1
1.001006039
1.020593844
1.026920701
0.9653260472
1.020602743
0
0
0
0
0
0
0
0
0
0
0
0
0
0
0
0
0
0
0
0
0
0
0
0
0
0
0
0
0
0
0
0
1.015101952
1.649246911
1.155259978
1.334014133
3.373612651
1.695498273
1.199932726
2.37273744
4.833216494
1.775252379
1.221659605
2.534933798
1.938951209
0.7001815618
2.325857079
3.845897085
1.709975864
0.6685193637
2.534619891
-0.2180837521
0.4566288422
1.651141909
0.7121957414
2.987484817
1.339515217
0.3270661227
-0.68438945
0
0.5433924687
1.162945171
0.6872271494
0.7267235296
0.9840060267
0.9725836815
0.9849983458
0.9668915616
0.9746760355
0.9706904092
0.9910406112
0.9410459934
0.9339669669
0.9855554554
0.9858262846
0.941415365
0.9873417236
0.9919777945
0.9788715749
0.975188752
0.9952178789
1.041184431
0.9849124788
1.002287567
0.9925859438
1.007739386
0.9886310544
1.008744612
0.9912079114
0.9728435479
1.029690889
1
0.9793882485
1.0112072
0.9775817805
0.9742524659
0
0
0
0
0
0
0
0
0
0
0
0
0
0
0
0
0
0
0
0
0
0
0
0
0
0
0
0
0
0
0
0
