2.026817816
1.295048372
3.461211752
3.689734471
12.66824079
8.132672917
4.540064454
4.796899623
16.2593379
2.080025703
5.95058734
11.4170177
4.386381962
5.245741107
5.111640559
5.127445251
0.3435244222
6.280220254
5.514695129
5.655822228
3.815004516
6.234662069
2.528416846
1.38701516
4.338160888
0.8609494685
0
1.095767403
-0.1995719824
2.179379329
3.46778702
1.896820949
0.9893927317
0.9763461282
0.9937268304
1.019010528
1.16004749
0.9572975159
0.9931807351
0.9455768881
1.308274079
1.024730209
1.023622864
1.184555139
0.9881356474
0.9613358374
0.9689965604
0.9582325274
1.032966446
1.01489233
0.9854566682
0.969082205
0.9798224504
0.9727344114
1.037190523
1.010582655
0.973934535
0.9704019999
1
0.9948895083
1.016093695
1.019282949
0.9573719329
1.01211493
0
0
0
0
0
0
0
0
0
0
0
0
0
0
0
0
0
0
0
0
0
0
0
0
0
0
0
0
0
0
0
0
1.965470079
1.767212329
1.937566244
2.602409467
2.437467803
2.26159924
1.913943361
2.677912618
4.526892363
2.576579242
2.466474897
3.587430193
2.110519663
2.180851611
3.331058954
6.366944145
2.565705098
-0.4737813224
1.649271558
1.81433592
1.400273124
2.854025989
1.799931277
1.716787248
0.9649613375
1.326280552
0.1706947502
0
1.191435908
1.284958038
1.626665428
1.275682412
0.9823879829
0.9721293952
0.9836025724
0.9657152971
0.9747577335
0.9703304248
0.9898346116
0.9410803291
0.9338853189
0.9845540187
0.9838824349
0.939558204
0.9860526928
0.9902271652
0.9775255881
0.9718765419
0.998707333
1.042457972
0.9859089088
1.000589856
0.991628553
1.006665364
0.9878762991
1.009531463
0.9911929949
0.9723308544
1.028141963
1
0.9789175574
1.011491097
0.9771647584
0.9742128761
0
0
0
0
0
0
0
0
0
0
0
0
0
0
0
0
0
0
0
0
0
0
0
0
0
0
0
0
0
0
0
0
