-0.2718801935
1.865186249
0.5171675343
1.31636512
0.08214533448
4.94667813
0.9883518702
1.072703548
0.3391593247
0.0323361298
1.641628753
2.290452407
0.3074642315
0.3341346083
0.9073538598
1.287400597
-1.394352831
0.4400737326
1.598225172
1.809339715
-1.390447868
1.683964292
-2.447254342
-1.276064908
2.104025759
-0.9993926339
0
-0.9973393105
-1.629436035
-0.7927352051
-0.6751443613
-1.00106256
0.9926190536
0.9444092913
0.9977071443
1.017539188
0.9947322312
0.9625148468
0.9983006384
0.9502772231
1.003807198
1.027324208
1.003753927
0.9691503238
0.9947287727
0.9695562223
0.9757348926
0.9648378585
1.036635917
1.024730423
0.9923565133
0.9757567636
0.9897179876
0.980463888
1.046019327
1.015851196
0.9768184304
0.9734035923
1
0.9982072191
1.018992455
1.024465944
0.9654294816
1.017992206
0
0
0
0
0
0
0
0
0
0
0
0
0
0
0
0
0
0
0
0
0
0
0
0
0
0
0
0
0
0
0
0
0.1655715292
1.475937413
0.4629023764
0.5507556943
1.733674082
-0.3168735541
0.2697889681
0.2052775784
2.588441072
1.075158627
0.9533058314
1.5866219
0.8381153574
0.2257060194
0.9054387039
1.914053242
1.67168557
-2.179690125
1.191252239
-0.2175890199
0.8544502527
2.051756314
0.857363541
2.27055636
1.245093572
-0.1171548001
-0.1471656687
0
-0.01807068194
0.1720934099
-0.103712652
1.045001166
0.9839148011
0.9733447328
0.9856082871
0.9676972132
0.9763588603
0.9729534267
0.9923487786
0.9433642119
0.9358254992
0.9866802187
0.9858142502
0.9412602846
0.9877423566
0.9918189365
0.9792139371
0.9733194766
0.9945524775
1.043753042
0.9856764566
1.002923591
0.992155754
1.006977837
0.9882682935
1.009398131
0.9917266205
0.9728141761
1.028671011
1
0.9792665641
1.011385074
0.9774344363
0.9744820286
0
0
0
0
0
0
0
0
0
0
0
0
0
0
0
0
0
0
0
0
0
0
0
0
0
0
0
0
0
0
0
0
