-0.3520164547
1.618131382
0.3527843864
0.9177066111
0.1281801272
4.562503109
0.7713350298
2.057432422
0.3684075296
-0.1229108378
1.570409101
2.538042499
0.6503211997
0.2620097502
1.125051436
1.527782704
-1.667420167
0.3597350366
1.647946258
1.933511473
-0.9608625429
1.266486455
-2.587311139
-1.247973867
1.825004767
-1.075135713
0
-0.3951246249
-1.921670291
-0.8855771805
-0.3499663246
-0.8259138248
0.9931336265
0.9449374035
0.9980026279
1.01813318
0.9950263888
0.9629182
0.9986265578
0.9503410876
1.004193064
1.027434504
1.00403746
0.9693092234
0.9947184932
0.9695878417
0.9757886029
0.9650741482
1.036943314
1.024616372
0.9922166111
0.9754574449
0.9892827512
0.980378888
1.046176488
1.015930239
0.9767354912
0.9733642518
1
0.9979087623
1.019411639
1.024443368
0.9652637578
1.018005928
0
0
0
0
0
0
0
0
0
0
0
0
0
0
0
0
0
0
0
0
0
0
0
0
0
0
0
0
0
0
0
0
0.09661092495
1.669367045
0.3545833346
0.4700442747
1.629545328
-0.3088599451
0.3565233523
-0.004913510674
2.597329656
1.342956292
0.9208698662
1.447211122
0.4960674263
0.05409696452
1.320691999
1.72821124
1.295017265
-2.451073066
1.27279846
-0.3294553069
0.7623467852
1.151733023
0.6393535105
2.120479667
1.231111692
-0.3115216945
-0.3558569925
0
0.03149614233
0.09829110885
-0.422955036
0.7628132283
0.9843053928
0.97347037
0.9858131932
0.9679374313
0.9767553476
0.9728877952
0.9936093193
0.9435646767
0.9363150808
0.986790052
0.9861409457
0.9416433299
0.9880603191
0.9922042474
0.9793884541
0.9735279677
0.9947363655
1.044032556
0.9857029765
1.002941129
0.9922709869
1.0068529
0.9882274904
1.009293987
0.991591866
0.9728245004
1.028696471
1
0.9791897184
1.011301325
0.9774082241
0.9744487381
0
0
0
0
0
0
0
0
0
0
0
0
0
0
0
0
0
0
0
0
0
0
0
0
0
0
0
0
0
0
0
0
