1.048538039
4.172821941
1.663392285
2.439659196
1.26589383
5.495325588
2.10995338
1.447062341
1.160131732
0.3991502896
2.881174805
2.667660762
1.265408645
2.147248352
1.830960427
2.365082328
-0.06403300902
1.706025585
2.257257103
2.731519889
0.8327025832
2.883018865
-1.547335631
0.276186891
3.243449086
-0.2176263361
0
-0.03725273259
-1.629839598
0.5951509477
0.5470744893
0.2227756418
0.9908876745
0.9464606498
0.9971529487
1.016743093
0.9938653429
0.9630626392
0.9983541311
0.9511204549
1.004605099
1.028933595
1.007794553
0.9696959335
0.9951097148
0.9667954299
0.9754734796
0.9644461973
1.035284147
1.022253078
0.9905447148
0.9737644914
0.984385279
0.9783586193
1.044723609
1.012285861
0.9749283458
0.9726755484
1
0.9969957796
1.019418702
1.021773654
0.9630160564
1.016662319
0
0
0
0
0
0
0
0
0
0
0
0
0
0
0
0
0
0
0
0
0
0
0
0
0
0
0
0
0
0
0
0
0.8140419119
2.451088484
1.001045254
1.643214514
1.97107808
1.158850337
1.476341665
2.412043961
3.018204261
2.25592767
1.691053306
2.329240014
1.336134673
0.7707645746
1.928702064
2.664593146
2.050151742
0.5791005355
0.8599148117
0.8699733154
1.182515521
3.630850656
1.231148845
2.729036504
1.29095256
0.2125884936
0.3581484232
0
0.2661731395
0.3617142247
1.528943197
1.98959504
0.9855365949
0.9732562127
0.9869970253
0.9680107384
0.9776526969
0.9724619948
0.9926940996
0.9408186314
0.9368151942
0.9863675848
0.9866240712
0.9420050278
0.9895594656
0.9931788461
0.9787999662
0.9735156932
0.9953184294
1.041869264
0.9867345804
1.001410358
0.9915975207
1.005626556
0.9883359619
1.009052446
0.9918544478
0.9728736206
1.028994569
1
0.9800403816
1.013206971
0.9765689927
0.9733486282
0
0
0
0
0
0
0
0
0
0
0
0
0
0
0
0
0
0
0
0
0
0
0
0
0
0
0
0
0
0
0
0
