1.409767629
5.156337892
0.6618271295
-1.500521173
1.751575887
6.671681844
2.344993756
4.959945318
3.146939085
1.937331593
0.7792341468
4.063765483
1.820425321
2.873283338
3.074623731
2.847569444
-1.841337428
-1.306140677
1.20025094
2.523062605
0.9363904232
1.416221306
0.2579451109
-1.110238176
1.461361411
0.227914433
0
-2.147083695
-0.484307261
-2.613238531
4.218426105
-2.403657826
0.9928268057
0.9447602508
0.9985489142
1.018334642
0.9986964657
0.9626284513
0.9991921123
0.9521348072
1.004594948
1.02640579
1.004921002
0.9711101783
0.9953911948
0.968820803
0.9761065093
0.9652022396
1.038247294
1.025750017
0.9927413222
0.9762980171
0.9880133445
0.9812335586
1.043021908
1.016095462
0.9778376976
0.9751700506
1
0.9997966248
1.018485495
1.025904177
0.9634716223
1.019728339
0
0
0
0
0
0
0
0
0
0
0
0
0
0
0
0
0
0
0
0
0
0
0
0
0
0
0
0
0
0
0
0
2.779129632
2.054863448
1.476994802
2.915206363
4.805915512
-0.7989612909
2.863629238
3.037678497
2.553572133
0.5868223642
2.270447528
3.960108805
2.009456054
5.199605014
3.477308512
3.1319481
2.717526302
0.3668897863
2.08326334
-0.3613501253
0.1703568145
-0.1220516245
1.83916133
-0.3787034276
2.311037431
1.357250103
0.3228520539
0
0.744586258
1.46301466
1.362023855
1.569465972
0.9802970285
0.9710916209
0.9834873485
0.965887649
0.9726921166
0.9708017088
0.9895347314
0.9398179
0.9326854561
0.9860270553
0.9838000389
0.9371455605
0.986923403
0.9883228531
0.9740596299
0.972093871
0.9936064731
1.039234456
0.9828600424
1.000734682
0.9905037326
1.005374078
0.9864747882
1.007930767
0.9900452662
0.9716792832
1.025921583
1
0.9776552821
1.01009808
0.9756239263
0.9729395582
0
0
0
0
0
0
0
0
0
0
0
0
0
0
0
0
0
0
0
0
0
0
0
0
0
0
0
0
0
0
0
0
