13.76892353
20.31681729
20.83846862
22.84648503
27.51176166
0.371219162
37.67392317
26.36792883
20.04247413
48.03896644
29.8812324
21.79814871
26.43905587
47.29302329
18.85627961
35.37716806
34.68468297
19.05647476
45.5027419
6.978735754
44.67920377
35.32445571
36.98993673
18.01476723
42.41093909
6.641235699
0
36.555134
39.34796247
7.592951505
16.76181375
15.59614994
0.9478726001
0.8955072868
0.9167759293
0.932337112
0.8937335941
0.9200645769
0.8657679413
0.8829405038
0.9236952049
0.9041055073
0.9193693978
0.8903482997
0.9097352545
0.8538946948
0.8963763875
0.8787398642
0.9232715088
0.9492680492
0.8308862161
0.926594118
0.8845936363
0.8486718912
0.9025693846
0.9360610094
0.8367478581
0.9300454933
1
0.868113451
0.8746212315
0.9637442197
0.9027791337
0.9396854729
0
0
0
0
0
0
0
0
0
0
0
0
0
0
0
0
0
0
0
0
0
0
0
0
0
0
0
0
0
0
0
0
6.156001227
4.978250116
-7.021310487
2.388674545
7.415065394
-14.09438963
-5.089776436
2.123059134
14.57226238
1.252790444
-1.008834131
6.012379474
-1.594030342
10.86426665
2.754471749
-2.697781698
-2.53150964
-0.9364434059
-1.93253877
0.9978492629
12.114179
2.165404005
-13.26917799
-1.625786263
4.903895291
0.8824062883
2.273653904
0
6.521480293
5.588755248
1.255731574
2.212845913
0.9628667321
0.9614946058
0.9871515655
0.9579440296
0.9664632413
0.9604383662
0.9781844581
0.9308528847
0.914826116
0.97433179
0.9779612718
0.9287578166
0.9849983982
0.9718858779
0.9659999419
0.9704509495
0.9931353592
1.034629491
0.9835656549
0.9961099912
0.98343084
0.9994905156
0.985689306
1.009181228
0.9719832076
0.9595329595
1.016136246
1
0.9573151022
0.9950591601
0.964205087
0.962674274
0
0
0
0
0
0
0
0
0
0
0
0
0
0
0
0
0
0
0
0
0
0
0
0
0
0
0
0
0
0
0
0
