0.8685224832
2.439917027
1.543451193
2.077363629
1.324971457
5.802960852
2.078172129
3.437883654
1.534646191
1.121279391
2.363853531
3.632511869
1.378920145
2.071288259
2.042654951
2.254761444
-0.6366505095
1.083903878
2.726441827
2.916967721
0.5291726984
2.55378764
-1.201943824
0.06516387871
2.803891683
0.2380700862
0
-0.4743017546
-1.669825218
0.1201593065
1.005212745
0.04020799796
0.9924379271
0.9461595856
0.9975205445
1.020446357
0.9950849396
0.9627767554
0.9982054368
0.9508163568
1.004036425
1.027400508
1.005117634
0.9694334984
0.9952236803
0.9680841381
0.9757654761
0.9653412974
1.035411147
1.02275137
0.9902990705
0.9735417288
0.9877513278
0.9790621226
1.04426005
1.013845835
0.9756006699
0.971973096
1
0.99742567
1.018696824
1.023168709
0.9642147952
1.016989607
0
0
0
0
0
0
0
0
0
0
0
0
0
0
0
0
0
0
0
0
0
0
0
0
0
0
0
0
0
0
0
0
-0.1125830255
1.602347928
0.184698173
0.5661298573
1.723086932
0.212781363
0.7425771011
0.5788766431
2.894374376
1.17000982
0.7050887388
1.289762357
0.1654476519
0.05894664095
1.030063126
1.662472226
1.423732637
-2.265715197
1.375716578
-0.7311435572
0.9377678881
0.896109251
0.7969511978
2.192868713
1.480084326
-0.6511317726
-0.766389184
0
-0.2972599743
1.625052911
-0.6133018791
0.8282271479
0.9857545269
0.9741446863
0.9870318703
0.9685048393
0.9775040649
0.9728833139
0.9943368364
0.9435975743
0.936643101
0.9872880413
0.9873275692
0.9424671952
0.9897321191
0.9931989951
0.9805974628
0.9740982358
0.9942818713
1.044204478
0.9856741316
1.002480638
0.9919543052
1.006564546
0.9883830618
1.009250869
0.9909884157
0.9729763914
1.031352092
1
0.9796576288
1.012720623
0.9776823438
0.9743247093
0
0
0
0
0
0
0
0
0
0
0
0
0
0
0
0
0
0
0
0
0
0
0
0
0
0
0
0
0
0
0
0
