-0.219427921
2.007988746
1.1087977
1.368852866
0.504800362
4.982363059
1.400377399
2.03280509
0.8150274149
0.4106977676
1.832070439
2.736200532
0.6805990337
1.373259388
1.260059806
1.717146756
-0.9868380277
0.5851313888
2.066182125
2.334175765
-0.24533196
1.862111222
-1.720218526
-0.3256563827
2.251852682
-0.6425554556
0
-0.8624235593
-1.480101678
-0.3497712545
0.1687280215
-0.7410015005
0.9929275823
0.9459115858
0.9974319082
1.020652263
0.9953157412
0.9630762596
0.9984219666
0.9511579602
1.004344246
1.027680611
1.005332291
0.9696552265
0.9954006343
0.9684248879
0.9760153255
0.9653033805
1.035862147
1.023420441
0.9909587237
0.9741604381
0.9883276489
0.979777511
1.044951901
1.014075836
0.9761003028
0.9726281044
1
0.9978964034
1.018504286
1.023569393
0.9647208941
1.017650472
0
0
0
0
0
0
0
0
0
0
0
0
0
0
0
0
0
0
0
0
0
0
0
0
0
0
0
0
0
0
0
0
-0.04060213434
1.711390859
0.401500355
0.8654405232
1.799373564
0.3551772079
0.925377774
0.6594562311
2.878018021
1.256746577
0.8222428848
1.326974846
0.4186371125
0.2572194294
1.118829598
1.744905316
1.644771145
-2.190108995
1.338086776
-0.5085718558
1.009963621
1.55494627
0.8877664052
2.38285876
1.683441921
-0.4056664579
-0.2930770295
0
-0.1677338551
1.591445231
-0.48401515
1.157511865
0.9851874152
0.9735955357
0.9864173403
0.9677068815
0.9770645147
0.9723882283
0.9937403799
0.9434122311
0.9362037336
0.9866803269
0.9867965962
0.9420368712
0.9890590069
0.9926286806
0.9800642146
0.9736791473
0.994116869
1.044090583
0.9856104045
1.002304646
0.9919069208
1.006420036
0.9882889746
1.009050665
0.9908772757
0.9729093159
1.030761191
1
0.9794960369
1.012717648
0.9774542982
0.9741139401
0
0
0
0
0
0
0
0
0
0
0
0
0
0
0
0
0
0
0
0
0
0
0
0
0
0
0
0
0
0
0
0
