1.265270207
2.713509316
3.245373128
3.812909239
2.781879147
7.312290075
3.696694113
3.191311113
3.210368277
1.821801477
5.073890503
4.210048224
3.06460147
3.712705064
3.853689193
4.367077057
0.9465959529
2.564326116
3.408804087
3.604306748
1.735858941
3.513629758
0.005082269115
1.197361353
3.38251432
0.2994791817
0
0.4156183965
-0.4198291933
1.743433415
1.524075409
1.466339743
0.990308733
0.944569372
0.9941327126
1.015438204
0.990812455
0.9591586353
0.994228302
0.9477238325
0.9995126621
1.02411983
0.9989813946
0.9661254264
0.9908545087
0.9638331348
0.9716790294
0.960495075
1.032174513
1.019843602
0.9882644106
0.9723417175
0.9837563207
0.9768814064
1.040817653
1.010582433
0.974195729
0.9716830391
1
0.9960373669
1.016722876
1.019737779
0.9614655256
1.013516522
0
0
0
0
0
0
0
0
0
0
0
0
0
0
0
0
0
0
0
0
0
0
0
0
0
0
0
0
0
0
0
0
-0.4075972188
1.603032332
0.4232467312
0.840323927
1.001180054
0.1389226539
0.1878857778
0.2201923104
1.800562041
1.560919485
0.6352105827
1.530847057
0.6833906496
0.05050717842
0.9493403869
2.005543379
1.141598015
-3.127978238
0.08256655385
-0.145842864
0.8571163482
1.853896752
0.6405713347
1.907800648
1.2020888
-0.6840956317
-0.7059752275
0
-0.7648165845
0.4030660404
-0.7327843295
1.274004171
0.9849359543
0.9727357542
0.9856871501
0.9669682684
0.9774099071
0.9719736648
0.9941609521
0.9428916615
0.9364678285
0.9853609192
0.9864438112
0.9412063711
0.9883314683
0.9920525214
0.978818854
0.9728262464
0.9950872233
1.044963272
0.9872647046
1.001625686
0.9920939271
1.006242305
0.9886591419
1.009500603
0.9916826386
0.9733894173
1.031135387
1
0.9804505665
1.014426547
0.9774768145
0.9738210328
0
0
0
0
0
0
0
0
0
0
0
0
0
0
0
0
0
0
0
0
0
0
0
0
0
0
0
0
0
0
0
0
