1.9649934
1.947268658
5.198701479
4.200539824
6.989219994
10.23654199
6.863972197
11.55419214
7.011796641
5.377561375
6.605843654
8.646569616
8.266934169
7.675668254
8.538258488
10.20295304
5.378129093
6.492956777
7.598547979
7.746335352
4.668391806
6.560103641
2.774961213
2.988012753
6.502824973
3.083852004
0
3.334575413
2.820494507
3.506652838
4.452869839
4.507368496
0.9926536081
0.9727137392
0.9969380314
1.022374764
0.9932933364
0.9616015028
0.9970560916
0.9511254362
1.008227129
1.02585381
1.01074999
0.9812947603
0.9926782268
0.9673833005
0.9738271413
0.9624302788
1.033666164
1.02164606
0.9894445003
0.9731026161
0.9868418547
0.9782444008
1.043889148
1.014340394
0.9748350088
0.9720728377
1
0.9964032478
1.018054448
1.022751333
0.9630029117
1.015734216
0
0
0
0
0
0
0
0
0
0
0
0
0
0
0
0
0
0
0
0
0
0
0
0
0
0
0
0
0
0
0
0
1.337834344
0.676680712
0.4575869064
0.4704127254
1.879187253
-0.0695882989
0.03676935749
0.4422220981
2.271055676
0.7454303819
1.223976599
1.327334741
0.12926247
1.41490338
1.920823112
0.7354065482
1.110761726
-0.6891969602
2.202287636
0.06720579314
1.010447386
0.2702845776
0.6315831852
1.801643347
1.667871421
-0.1285782853
-0.3176961285
0
0.01693572218
0.1190469506
-0.06436092013
0.31867774
0.9847362904
0.9748136184
0.9864431949
0.9691737741
0.9773983668
0.9738954336
0.9942944583
0.9439531453
0.9369892098
0.9884661353
0.9868235958
0.9425393382
0.9889027903
0.9927021683
0.9801513669
0.9752470663
0.9951409594
1.042418752
0.9847469471
1.002125059
0.992235323
1.006720899
0.9880219126
1.008564202
0.9912316871
0.9734167006
1.028634989
1
0.9801368646
1.011925344
0.9773205796
0.9741873576
0
0
0
0
0
0
0
0
0
0
0
0
0
0
0
0
0
0
0
0
0
0
0
0
0
0
0
0
0
0
0
0
