2.625082142
5.660501588
3.048108911
4.856537834
3.933645067
6.215872141
4.159706704
3.87629482
2.225728366
3.166488325
1.444134157
4.378612034
2.646318523
3.080145445
3.025977603
4.052171982
-0.2661271776
1.469078425
3.858683176
2.891810894
1.369043417
3.557356858
0.1181452581
1.46618345
3.268737483
-0.003275032313
0
-0.9474031913
-3.058055748
0.8942337395
2.276068231
0.955202753
0.9926813948
0.9540188108
0.9974930842
1.019580614
1.000944202
0.9640637492
0.9999013292
0.9532543096
1.010499592
1.02759282
1.034512586
0.9752578275
0.9952944314
0.9695593874
0.9767757618
0.964825894
1.038068666
1.025482913
0.9921338856
0.9769431873
0.9888824281
0.981686208
1.045520656
1.015381413
0.9783913358
0.9762356887
1
0.9992267842
1.021144248
1.025152902
0.9648816332
1.018633746
0
0
0
0
0
0
0
0
0
0
0
0
0
0
0
0
0
0
0
0
0
0
0
0
0
0
0
0
0
0
0
0
1.156298633
2.614901134
0.8877334899
0.9687500286
1.950341347
0.1794470479
0.6420339316
2.116034355
2.716915631
1.777435345
1.881294888
7.348327251
-0.4559160545
0.1344721158
2.094129889
0.6788350699
0.4211404373
-1.874455086
0.8688801195
-0.5224177783
0.5025695636
0.5931827492
0.5680788922
1.609851856
0.2305015334
-0.1514527212
-0.5306258171
0
0.3983713613
0.2423165209
-0.03327798193
0.8438845488
0.9826097169
0.9739317931
0.9853392984
0.968386264
0.9750588829
0.9723402788
0.9922939915
0.9419255252
0.9349226465
0.9868425037
0.9857435022
0.9390281632
0.9896276554
0.9919031257
0.9789685733
0.9747004592
0.9950679278
1.048217834
0.9856789061
1.00485217
0.9919781902
1.006609705
0.9881768057
1.008679765
0.9921421859
0.973157783
1.030528843
1
0.9809633284
1.010602843
0.9773901596
0.9741342433
0
0
0
0
0
0
0
0
0
0
0
0
0
0
0
0
0
0
0
0
0
0
0
0
0
0
0
0
0
0
0
0
