-0.8132691944
-2.722776282
-0.1948481165
-0.1549872158
0.0348485234
3.134635741
-0.3893063465
2.638961552
-0.02036097512
-0.07540074636
0.44108423
1.665998631
0.08610626805
-0.374781085
0.1142288955
0.8736040786
-3.396193109
-1.102776449
-0.0223926011
-0.3989772495
-1.313909855
-1.154317177
-2.008795844
-2.021416723
-1.286794901
-2.302730219
0
-1.387441077
-2.766968236
-1.850562911
-0.6444938849
-2.669052442
0.9956869855
0.9835047878
0.9998462839
1.026123713
1.025963781
0.9648877748
1.001460145
0.9533682094
1.007365193
1.028069902
1.007974074
0.9734405988
0.9965540855
0.971003876
0.9777318185
0.9661575848
1.039740317
1.026328393
0.9939764975
0.9776837741
0.9899665191
0.9829462571
1.045997946
1.016501342
0.9797154002
0.9767449924
1
0.9998888357
1.020741129
1.026573533
0.9663963855
1.02061274
0
0
0
0
0
0
0
0
0
0
0
0
0
0
0
0
0
0
0
0
0
0
0
0
0
0
0
0
0
0
0
0
1.933130446
1.152815492
0.6026637738
1.346014532
3.291301613
0.9637360188
0.7850654348
2.389856338
3.407249336
1.603245379
2.584254154
6.174551452
0.02745535889
1.970653808
2.839839524
0.8944723401
0.8351480957
-1.321656448
1.919928557
-0.2065035603
1.153468087
0.1694248671
0.6572000544
1.250367632
2.350285938
0.04717392576
-1.000206563
0
-0.2164182701
0.6095901578
0.05338045342
0.2506100433
0.9830216008
0.9739048024
0.9851189898
0.9678125348
0.9744753639
0.9717868203
0.9918438986
0.9412887829
0.9345898311
0.9868909902
0.9849740189
0.9394145498
0.9892225153
0.9908983285
0.9785349934
0.9744338075
0.994372052
1.041546803
0.9844114695
1.00230456
0.9914616774
1.006830875
0.9876167689
1.00879254
0.9901829793
0.9730220937
1.028407675
1
0.9804499738
1.010624533
0.9770551943
0.9739540027
0
0
0
0
0
0
0
0
0
0
0
0
0
0
0
0
0
0
0
0
0
0
0
0
0
0
0
0
0
0
0
0
