-0.5109523511
1.207976206
0.1252935929
0.9200360285
-0.6214254607
4.31981215
0.4073104665
1.189408217
-0.2661668453
-0.4215513503
1.058957907
1.719513594
-0.2020056709
-0.1150203602
0.8718337272
0.8230285625
-1.720764164
-0.0234937399
1.111970744
1.350005489
-1.86208488
1.195071506
-2.949141237
-1.866553052
2.048430441
-1.497715915
0
-1.282557347
-2.940249146
-1.292996176
-1.056261869
-1.123968142
0.9931003516
0.9450393741
0.9983682824
1.017864011
0.9955851816
0.9632024482
0.9988257298
0.9505282348
1.004436066
1.027628329
1.00446632
0.9697150457
0.9953576166
0.9699379743
0.9758775842
0.9654912457
1.037278711
1.025023376
0.9927703763
0.9759147906
0.9899871321
0.9807746372
1.046461462
1.016293903
0.9766002242
0.9736670874
1
0.9984340311
1.02029599
1.024793167
0.9655114409
1.018255431
0
0
0
0
0
0
0
0
0
0
0
0
0
0
0
0
0
0
0
0
0
0
0
0
0
0
0
0
0
0
0
0
0.002889508529
1.647937433
0.2334420832
0.4655814644
1.385777558
-0.4522482026
0.3330269569
0.06338465474
2.521857224
1.084695953
0.7729192655
1.443128731
0.332634372
0.2285196583
1.014897508
1.814476676
1.400384744
-2.553981639
0.9674490581
-0.2739159636
0.8199116567
1.578808193
0.657646205
2.227216907
1.117449989
-0.4090768432
-0.3727530394
0
-0.4312576719
0.02691660424
-0.4199029071
0.9378523121
0.9840705937
0.9733207775
0.9857789175
0.9678089854
0.9767000181
0.9729902581
0.9931643903
0.9434526536
0.9360885586
0.9867480927
0.9860523474
0.9414896305
0.9882280998
0.9917878302
0.9794589069
0.9734441283
0.9946593848
1.043990482
0.9858011729
1.002765387
0.9921812998
1.006855787
0.9881995674
1.00917019
0.9916551496
0.9728100264
1.028706598
1
0.9797106123
1.011229106
0.9774762861
0.9743345963
0
0
0
0
0
0
0
0
0
0
0
0
0
0
0
0
0
0
0
0
0
0
0
0
0
0
0
0
0
0
0
0
